f1 = 0.8003044561306394
loss = 1.0822046311280598
precision = 0.7837105298820979
recall = 0.8176162872896932
