f1 = 0.9673803567367362
loss = 0.0933102686316348
precision = 0.9662188473520249
recall = 0.968544662025893
