f1 = 0.9651159010370948
loss = 0.09249142639768812
precision = 0.9645827917858071
recall = 0.9656495998959079
