f1 = 0.949326205590823
loss = 0.1513842407166958
precision = 0.9495783917186535
recall = 0.9490741533770706
