f1 = 0.7947970863683663
loss = 1.1673605944068668
precision = 0.7802369926450559
recall = 0.8099109288844903
