f1 = 0.9493291293246741
loss = 0.14065848419070243
precision = 0.949687151795663
recall = 0.948971376693674
