f1 = 0.8232669989195972
loss = 0.9360535269537673
precision = 0.811919983501753
recall = 0.8349356708610208
