f1 = 0.9647981260370238
loss = 0.10434528841422154
precision = 0.9649550956657555
recall = 0.9646412074686097
