f1 = 0.9488459726801696
loss = 0.14593491405248643
precision = 0.9487890932757853
recall = 0.9489028589047431
