f1 = 0.8227662690939527
loss = 0.9561666451370754
precision = 0.8119493392070485
recall = 0.8338753004382864
