f1 = 0.8226738116779178
loss = 0.9782340617749257
precision = 0.8101014254385965
recall = 0.835642584476177
